20812345
65266564
39857065
30425250
25802866
93059745
19477626
67637801
19996529
90211933
55384194
90935878
27154604
39027028
58317637
65583783
88808358
20671897
96080274
20597624
36564593
69552215
1449306
9683898
76927789
13486833
72860728
62922760
64507073
86299163
71848728
12334229
56781869
80592264
1262719
96184440
49792374
43363618
67117730
13705102
21498005
25775672
60156255
73253393
25166599
75179209
32990696
24873637
75932461
55112640
2858308
12602806
88023773
30187783
32736293
96171653
86777270
62276143
1244864
1581465
50401783
2894111
57486185
7342788
26986603
82586448
81818528
39638644
26790230
50520898
45663621
4973302
50529315
75322678
2911585
58797896
30038813
30527502
83180706
40234288
91631604
67306078
2876299
88159894
12875137
67484325
27178001
37017957
86437461
42615835
73873735
27683708
33178079
59696483
24468468
9807596
61206952
15074298
92247830
47622510
68917281
6065314
5991733
75266081
3155340
840478
35052782
74918496
86124175
24211421
7168799
14582687
28995433
76184165
76507947
10535686
80848897
61189134
55063325
3551496
45660351
18606456
97006668
88952150
8120871
83404670
10549448
19787140
98010078
8035512
45768568
34279915
6879626
20479560
93972934
74443597
33595422
40505222
3012552
16848599
79556155
44922665
29553088
21346966
85511542
26392768
26489021
50252195
50022035
61282381
9472960
44787000
68817636
25703482
68624137
45412073
69124123
35000922
44117328
84242120
15820585
47141519
36577326
88944601
74465227
9227793
57604505
95887473
9699932
14579173
45982812
9572540
40792719
86422396
95724249
61755250
32712764
40220812
61661263
7918512
72869742
22026184
86388406
91842905
22934363
1150464
11875029
50380984
91666460
14924103
61408303
92506790
37361161
54721758
62004126
20467162
82977730
19500146
61810957
53004403
64820089
67258875
89025433
42075902
14443590
69307355
66807668
57202304
43313669
41483146
44529265
51148075
51945224
46745996
63998525
64264722
61302498
84435179
67695000
48271822
75106258
81545016
8361454
2140808
4940795
29200571
79941594
24323887
93428863
3620223
58749812
56633743
66116094
96904673
84872413
21637114
43083448
67681843
48765019
67350611
70912697
73657037
84000099
76577048
53013975
58452936
66191377
32002362
5063755
45573901
87794151
74363177
26515911
53839593
5621373
55997569
74751673
32999261
39378523
82534646
7060959
89314976
10843872
89879501
74673643
65667008
38405083
14663282
14103349
11064881
73146026
29844495
51434757
20263457
58874483
78108420
22582032
95126779
4399647
39375709
42434099
32824255
12896037
74881976
43948883
64884167
78961261
91463340
4225958
55395832
93590235
23720311
51906109
88205532
49797533
46602845
55668267
97332846
50224178
97794377
59319886
4174089
5756895
69716011
51312065
9658431
62044829
92871478
46903908
87171082
30527261
53597200
30232166
63450340
58018122
69942796
25670752
66511987
13802248
13550448
52117600
69614941
311267
52481486
5202624
58861725
73847330
13012590
11584719
76941185
69428757
48847061
48471482
20011179
96702451
62667685
77771837
80756790
41095520
80256231
3891187
19594985
40352764
60664545
17552553
71129153
81926011
87893436
42145832
26801317
86038137
96643761
28171254
19263160
17229439
91318593
34036268
16433169
58938361
30341401
90346855
87238855
50766332
35743486
25602721
41921934
84315678
21566242
63314960
80692824
97297497
96341329
34753411
78819854
95130218
22456901
2311620
14781179
5666544
56332119
47123267
12131287
24697242
30780714
15015945
84967385
6306551
24056544
61373814
78825211
33981865
94586708
76301223
64725657
99570326
94981673
55118833
6383398
88280089
99847492
38054106
86858718
9818003
58187120
79912732
23533760
45750467
17716680
8925359
63210590
68493286
73325916
10133522
95294901
3216511
70961202
12302715
25592462
76483681
20985878
29484417
38561845
49805724
74348184
74663355
56026275
85419878
43828359
78545310
5777066
84288642
94984815
94609527
93357636
95814676
92147412
29528984
33374563
64971752
87319492
14323300
41738096
87596581
66524872
48383283
48815057
63361359
7357339
7789352
66281920
6208330
50570132
61800378
655144
20177799
64340967
49165251
59437442
86084004
72979835
86168765
8545931
21227687
89962161
36080171
96858951
40437248
24650750
25320788
98010949
77214732
59521041
83761911
62982885
167268
46788307
72911044
50046654
36495301
84492789
44445812
80826686
7478344
81422935
93251979
65162921
1468947
52884821
15340672
53980519
30662407
98685698
75725094
13765840
70838411
67446377
78008870
89516370
22148423
13237728
12303666
99581463
91868454
83136709
60571372
4722575
59434637
83444589
86150468
32657628
47160959
58827442
82229136
24404590
66126652
23178746
54067885
25139075
38803572
98460874
11547838
35760649
3610276
109703
30196079
41948126
84475143
6369109
739329
4326881
27853202
13944430
54294140
66369092
85643424
4784671
45237310
24450377
56528184
83164847
45921382
91740440
66186603
78960078
50835880
88787568
12700810
5512292
12119138
12336252
15281509
31278403
82997802
7055238
2450269
81191316
65041441
79566892
9885972
43184468
76245104
82840480
26007778
71222826
93754305
54103516
69642131
10045029
93681707
82714717
92251779
96034452
72935289
40599153
36708666
43201803
21730477
52719287
32388384
17342020
21663489
22654104
60000789
88009672
89975963
54639480
95113850
29861830
26735235
35477172
76867619
43408236
29914644
93600728
72937265
8916882
91745739
89021144
84088017
15421689
80925662
60246061
93988857
7753409
7979329
12923839
322343
72243562
84115791
97768433
69997250
84182822
71882389
95481077
10809852
95118790
91007403
64357396
16268902
70039129
39892866
24181242
59852943
26252127
75781729
96012514
77898654
21482534
97285911
25446852
75644652
69688520
63978046
9776814
27908047
84119268
24819584
29196097
12678756
12096513
21894119
4746233
86417542
86165361
15406252
62960544
93343853
54379944
8324879
28771283
48365104
28464601
11565992
93803725
12819101
50455350
49185144
44246600
19350754
94493157
71232879
72596281
3985545
95720814
57313183
13338764
33004260
61227060
12589020
94615541
2758256
94548092
78096984
56820396
64287119
5977487
78420745
85640242
80978073
39713106
61927501
30739732
73430644
67504926
51673536
35716875
94667866
13441841
218897
32302626
33284474
2504739
27270045
43303570
16968956
95996956
37656063
45950669
93503712
12194515
6427658
68162945
61760808
97170752
15219335
61957674
10261319
29717961
86315387
99955289
76724620
59306169
17829452
82821386
26118270
72073163
21130702
84961053
32590819
63662827
98849998
11802845
60161209
5023806
45000616
81968952
60370922
96730532
1549111
94920012
95586973
2288813
51000459
75244937
81775277
44952511
70234380
50376262
78042512
43055502
48599556
33612799
26808495
48484104
74027675
61474276
62339928
94837836
40663687
98181387
39413018
50556091
67194548
85453542
14434796
26689680
37692077
32389445
67357305
34788059
75886215
56026257
31881194
23352775
48999302
22018226
98811728
38643227
45364971
97752394
35470775
97125135
85002562
93258453
81868185
96325422
89086016
1045377
40805439
60988139
39098487
87567890
46932584
13127766
87080719
62833680
47598606
49309962
97166750
42730184
68927463
72355184
64684508
15190347
21876339
26702125
32770330
89170852
98305179
18215959
41159455
9541359
28693289
86118871
74120408
78505863
22152742
49642563
57226476
2889938
16629814
9061120
6650301
87793208
93004800
76357167
74279570
9045429
69250136
25132702
36372411
24099333
1953420
93083653
965301
73801425
13964601
9697508
41573207
2208654
78886480
97915845
26936992
28014019
52457990
77603887
27580684
39109552
86427236
43877000
65545626
82310502
93004356
66203050
66826371
44883355
54532979
6054752
94703544
11059412
88665348
48296504
82995966
76353159
29852880
38266278
75365712
5271923
91480194
79877580
11130892
82828737
69685020
65954722
8425939
68796792
37593559
50673012
23264958
98200938
29350571
34423212
88249418
87853236
12090807
54110911
46363644
53790963
47937474
29771896
42254665
93513390
34442183
80736786
9570002
54874245
46112114
12126785
39659426
13490757
98873836
58633672
22603085
88586151
39795736
39859897
79891557
7936291
87255092
20908027
9053741
89330330
63865387
27935126
44109848
60676915
56086533
77577892
54798319
11461967
86978297
50096499
64274563
84685375
6988243
90034059
28176297
45657011
89255417
1775609
36520999
36914717
14648960
79576168
50437890
76493485
65145690
85006072
741614
24570441
42997569
5002900
19281592
52645387
30448562
16698644
71294134
37823830
25465579
2363969
15247361
50371703
39454258
23983339
16010255
32220207
24996684
42191371
60092908
25184831
49511076
70957889
64865493
18189447
30064152
91888068
2141707
98603538
11767817
85612300
63379196
97866614
52706017
5808251
94343429
75888946
95739820
19968339
80395088
9807358
5558712
99389195
12666337
9317989
32564789
31784261
17716834
10233579
28813226
19594200
87023353
75416179
38964333
62708643
70122124
55348444
85413044
31647343
81627265
5886263
51035430
88677386
3556633
5384169
84182233
2948277
40796768
50564353
56830329
16510844
3449851
45712780
54269099
24886939
79180975
80267872
15604149
87228964
12217733
80493128
11549187
59391019
34290714
7666393
65167963
57251270
10431935
67174080
44828475
20612866
75856059
42299367
22946490
63578071
74831543
80762392
92929150
26430348
402341
99794594
45545434
93945380
38398145
79757743
42237882
59529818
43422218
62328955
25864346
77913461
59407923
52573614
88913038
85183947
6692163
58663078
56167734
99459313
61111882
72885158
56864951
66600465
60053422
49932579
19214335
30263818
85397265
24913975
65668613
42643095
53155207
36970813
6107821
78148164
97918720
79300177
51582140
8728859
75314685
60371103
29927328
75345616
65585102
47469932
87094235
74869487
84539171
60915216
80147035
97623602
9857690
40419719
98292609
86824459
41794856
41120230
25276132
30342592
4872033
93710532
74135744
11691551
75156536
88345173
56866454
31152247
17180888
46666021
15902162
86759015
88113168
23213284
99025432
17937196
76054996
42573193
76271000
4186338
32975688
62240218
88760870
29973852
21675252
89874189
72739128
14489087
68723956
32690705
80856320
55049996
86497954
84688717
61288649
33172958
51759308
81747658
14017775
44000404
89741242
84219613
90008149
96364257
13152286
28595499
12928669
61460024
96469334
62543914
50167603
43753438
26783140
40483306
75833543
70085565
81924890
42242503
67409252
63450140
23324067
99151011
87811795
30928364
46611235
49548120
32178506
25648418
76530002
62201482
5083541
83118412
79089218
20827658
30719859
72152255
37903061
35767385
3281808
85299548
13624729
52929134
50796086
17318879
92558325
14169991
57285591
4371826
94694986
32300473
56135416
3325764
64058316
67666123
47571260
96722508
95244850
96629466
39994922
12279258
68517778
92912097
19901810
86576249
18562271
20593582
73850654
43785413
44565482
31378141
96242295
24705793
4124761
11008493
14321530
17096602
64966156
97491551
10915236
62797956
41252807
34194151
1492322
73990713
19741245
45646042
96235154
40276632
90826256
1078390
77970603
52992572
63482273
86818273
10397671
83141639
95647131
10847067
3150182
12612633
97670928
71114508
46930607
30737362
65996365
39955688
9403611
69769940
33455029
51236994
58454091
23717633
14559042
74670741
80965704
90040550
84945035
94430737
48499944
93856580
93578797
32510848
84778472
1077123
93847196
75428311
35806737
59729932
38217892
70246621
62365117
43932142
23267922
23792402
15613620
6869989
61182849
16720654
37124541
7155413
54273599
98236123
98946049
88733933
14252420
88976626
47519430
11983555
58700034
11959939
70578427
39932768
88438183
64351594
80638148
48067959
56402371
3377417
87330358
5023544
83944227
83982990
50949799
59417898
58428831
65307606
20773692
13936061
46559465
67969914
6170888
81185981
31058406
9448579
40173867
16337393
59875677
27830473
28805741
33658362
71572681
12815503
7468845
69038111
55449686
16614164
41299072
51561655
30790832
78611754
18700654
33719834
37561258
57055382
41589143
95296465
65062348
78474851
78514168
73418494
19595095
19606010
21161434
23089869
31012203
82535461
91700204
30834757
98403700
85887648
25280015
50683821
39827239
70268928
98301140
31409781
38106813
89968300
91582790
89204219
10024424
3661060
8993092
51464108
26711331
10531052
64659732
78691785
56368520
96530385
73022920
37438543
81436251
17123377
16386945
71202462
70411671
5445222
23044986
36049285
91162805
8299667
30718750
10449652
90084021
51425193
60487563
86127113
20227852
83467398
22024430
67634608
32838692
22795170
63929043
34713164
11035857
39466532
71550179
3914345
4501414
11974646
2273542
57617102
99471439
49044799
25049166
70054964
57014968
77329959
46840551
94737484
57316797
2905795
11043119
16647653
43909300
33192709
32842687
50385940
37689314
90770626
54759325
57900961
6667341
47999800
81873151
37429661
97285058
64037103
45734885
56094123
82868682
22629134
48465489
49447946
85594682
43615134
10973845
45439617
50657327
6217992
7946589
5257633
84893137
99948199
82574630
52600227
2349352
97548812
27742443
13504747
56815840
53348120
33777369
39594234
67973120
28836422
58442045
47226140
26914937
15754869
67306905
45030898
76930534
81381996
81643037
21899283
8518679
3066793
1695261
52099915
15738958
96456631
97218541
63010905
11152753
1446660
49173147
21008141
97243438
6118549
72353351
50646962
4202044
15919761
44005999
24316542
38884295
13074798
56071503
16018295
6944275
67264515
29492490
35464763
50259304
57679019
2985892
87961820
47670931
74890996
98118270
75925331
70907823
29497213
70844059
80917829
28660718
54261261
61128157
97902636
58692917
83701382
413488
89316835
18396087
26665295
1109170
98645377
19128281
45083404
25989061
80811060
69777281
37980403
10420824
87319684
19072341
84478664
63266114
30529636
86033996
53680651
94555772
12663691
66644864
18053880
17376739
32831156
27507670
24940066
9789453
32846278
91800828
25555795
40593768
65285548
84365049
62034806
89835059
2393621
76732613
77967496
47897337
75368463
40644954
24369936
98431946
59065914
16305164
49868354
70174401
76959053
34544699
37461409
62143966
91283921
8638561
10391249
65627435
14737727
68760962
6886169
1276983
14663477
86426161
49099921
20616585
99329828
4415535
35894453
94804038
76069147
46894281
61678553
72056125
90572830
93456604
58802409
88218021
19852132
11047420
7426022
45583580
40565636
41279913
31963469
98142280
21550012
65833999
12963049
28614119
84193782
67855964
97054518
12816511
96729025
74220478
347339
65868799
67894724
24068482
84795756
60271068
78169648
88138279
86330181
57800341
46291109
18359911
36938754
18729931
32810609
30166859
24277399
65897279
14281670
4153553
26493273
35661052
93302047
3013141
33122875
50957766
84461910
7747157
69468139
27289890
48079776
73343514
6464650
56159234
73315390
51721986
32994025
71727074
80922127
4407747
18056714
34715418
97061413
4092359
20726760
66088618
86369713
8240391
29252334
10950554
63744114
65820225
87804569
15315818
5819120
53194570
96259936
76457883
6215853
67275623
58055604
60754074
60540107
48561233
91571066
49350694
31588362
83476845
73232378
21347451
48298514
42706741
16825698
46279928
52409111
11520789
65091983
17413524
44462818
72508496
14154037
55026491
45514037
14474573
6326815
77802230
95981882
56738910
24686843
391142
6879549
10236764
75123377
85834738
8065766
11652057
53211188
66882666
313035
48206239
28090173
65528518
93004802
50598373
70791983
49632190
55437361
84693945
27081692
84914103
7253287
99180297
6520454
59044096
6169766
14941500
30493602
51840315
80026010
14017736
69669735
60985592
73737702
43240213
99747118
77489174
13170224
67982179
61010166
24138671
82413346
27160101
81834206
48509515
51808437
16500873
97550967
42231955
28377326
94490226
76788396
30040375
25796801
45655682
64603092
44473668
66997581
31714926
89420649
15919863
39577199
74948942
37671602
20266809
91794401
72993802
39002259
24117740
64499850
42272173
86142145
6011892
92274579
51484923
45517403
71239787
4062664
73788569
91637788
740701
93181948
37067023
38516127
39167545
53579692
20156921
99958977
90124410
8168861
25533641
41591609
9414199
65106128
77603141
8640395
95223232
66197832
90715857
83396723
82266726
92172599
94679694
48640691
49682242
67181901
81256094
8873446
99771928
97149041
46797702
24561135
85834005
55914272
33214599
88452162
62987287
44405313
95938363
6965741
45638678
25803214
64595603
72748456
78818600
9300355
70302956
66685804
33506817
61266783
80911234
23690808
17048946
29640638
89014060
68948029
53662542
76816194
3810606
49962500
61966603
80269803
27430360
83662880
59419452
80136295
21335551
29722434
68650140
60513502
16354535
85886832
45547081
98288461
7799165
57541718
71041661
7624692
74025218
65388396
27872170
53424090
40618262
92799315
81845563
26949301
94583235
28691756
42987822
17384347
9109939
55728605
23576355
64381649
80515189
61308338
56668947
17742138
84403934
580620
6374684
7494312
33067756
29470522
82187927
27194638
53966626
28250781
30965993
80246293
99502721
71390163
45264750
40495544
33368430
6626876
35610123
28879837
50006722
49414359
88665381
18959712
48834553
55138203
47548793
64716546
70445229
47947786
3414182
68716473
57205870
5003608
99291317
57316826
54907751
67633711
96893012
94742675
50833671
61334856
85385661
86678030
62353625
19244964
76076145
98306369
89996263
22070840
55426346
79810868
56398262
24788529
13616439
1625897
49461918
60458794
11133492
67970092
25116720
90612028
15894278
45255449
93186974
49975118
35861036
6627977
82230182
20433594
78986339
60034020
70269244
22142982
93464681
42722275
5358224
49368406
29125196
39075262
68539482
70732365
48371394
72045949
51729746
50996940
43574623
75231507
57191781
42884908
88045283
33451212
62571041
90902378
78350133
33878961
58899691
15103503
44076266
16775795
38670939
72955533
59519162
97870677
79045346
59318893
59946587
36766443
47186239
19306375
52633860
89850284
24748711
76156389
100385
76369340
24751773
45596729
74216136
13319174
40030071
16156205
3164218
64694421
32125401
69675808
14534678
18299103
41774701
21775964
3994569
12642440
77475118
41869
28654707
97114831
15632
22196243
45103380
32029581
85694550
24955164
44642431
51921471
71018992
73461923
27522485
75387863
60210248
28829356
65756108
58011242
42902457
69100944
28405417
96783389
72805142
89752636
319459
63138236
86008846
22446167
42203746
52045112
1462063
17662144
16141416
65098742
67948545
47119687
11383521
43816251
44144286
64111413
54688045
18624468
89072369
75575275
62265201
24190758
52681633
55714228
87763531
34303072
86948579
86332066
46427976
90085347
41096796
7728173
67899223
42722464
20902242
86062457
92735600
45461570
12854275
7768895
62190387
62224491
81262641
28380598
74943199
18313970
86774765
19583311
73607302
64400915
4629668
85567416
91316087
97156218
96479987
13974157
97546077
75270169
37770542
49448043
55518195
63014115
55316023
94268108
27674306
64036954
69746163
59438197
80929472
3930912
12893
16836106
70405438
58546420
57856023
6178242
88928198
82106574
84843742
5635454
64794551
49207005
94112572
85384036
52395206
53516317
6658023
7690489
63187878
91128097
80124454
93343925
96252389
38065240
33490092
23123477
94087422
36219622
33817565
2764004
60165895
89442731
83299889
72419660
39235877
22846980
42051093
72196265
18734714
37424838
75456424
59380989
65506659
39167142
17600861
23688451
1188858
20723903
90346860
547426
90228174
1157503
95476542
49473986
83850522
39064786
46110860
72838023
49419325
58961947
67517104
71979970
5110988
21655582
50770149
57856764
36058976
75993490
28986655
23368059
18613731
20123443
39816900
51335006
73523984
55590670
34052262
49833948
12959050
36458186
1480380
62348889
95050875
53402403
64578868
90643962
96071365
6380442
89044931
38594191
47429590
37460873
26330134
88106753
68913726
72620993
45131927
30769927
91253190
32937383
81349627
11303987
48506080
24257941
82261327
89221271
86523920
6971113
79139174
44206653
36068012
89370928
17656258
6060075
81413644
94542725
42787641
50163002
30896868
46733052
6607174
93676913
99674992
18612494
63568905
28357900
12858234
53976916
70495181
75374669
6521490
27985975
36585405
2870362
14638126
96848637
94558754
94337089
23511478
15225745
64215595
59667095
77601333
35030960
73940933
31634501
78115924
17128427
21823435
1931515
69558258
42451650
2527978
93783777
84179651
25068983
24528372
52813154
94533436
99555968
27270042
359222
36134583
2978682
81807821
75377083
63811711
91655365
54974319
95679442
63380934
28533823
1751004
14762030
36351803
32329022
42121681
16255563
52453522
17397368
5517462
13991482
31431387
56296238
44300455
55720640
98120013
75354941
74774849
91189033
10614151
53158747
23023157
51269224
40041192
50488381
85693730
54387326
76790367
83971046
50184509
308350
12090917
49672789
79153113
62433623
67604585
91240897
10483521
13243335
19646429
85435576
89999999
38531619
43088603
96088941
94349826
18373113
90207777
57866354
84497754
61927945
27997296
49236813
21277424
38647905
90597363
46262958
28057589
3909922
77469643
50648313
44360655
82990306
3075270
17981882
54611578
32411276
76602295
99882431
86638525
90300896
9084991
36976625
70644328
11815264
28799752
67018143
27151019
9372110
15819530
64532156
4637163
51337614
60512482
18797478
96894406
60286809
32970652
77614191
32507922
2043131
58940397
94225608
63688493
87712370
8442723
57986037
88691534
15186818
70580978
14148944
79078075
16249607
40046994
98257529
89845924
46106418
36044676
72983343
84450372
49752127
22159712
92664055
70144055
81862898
98869954
56736626
21013906
27473988
50913331
78162350
99233595
46495595
28042125
13335644
52785409
29794186
20113523
5156395
80026034
18434755
87076411
68649051
6031569
68318093
58549492
57670820
13935695
37658574
85532183
12569134
63652834
23336014
93029128
65288939
12188948
36934476
11592417
80784547
55873469
52632589
79061465
1217733
25654070
5989581
88097127
58711915
70803183
62650623
37764943
1073141
23368567
22329174
17109111
79359639
911728
3174561
59314493
65266800
22006764
57898616
67806786
53882014
45892728
41709960
83989158
38890500
66157530
7342113
58760759
48207666
72280033
40190912
60683587
9553605
93141124
46033256
83420995
48219824
91573506
22374896
74014263
93523391
30384255
7918670
75048784
26178455
43854980
43675402
99127546
97199662
45083176
31332963
68249261
73120747
22515254
24388660
25133373
7782791
54628279
38498199
90479039
72666228
25257671
40990741
43769477
91391287
76533285
2622071
81229438
5580553
24251253
48863088
34284007
10778197
17260639
58004254
74006722
76684203
29958875
16127032
7403972
67709484
72860969
16886914
66627271
82435728
92024895
85780887
73492405
57324376
69429458
56622949
65796668
54046151
4670582
28571259
82276605
28218158
29911496
65743487
39485191
91167397
32028816
83503992
70695339
83728460
31658900
64910888
60411455
47150078
85528016
60633757
6083197
75162740
18622215
68086100
91812046
63611848
10286528
18672958
79467143
16620539
2371930
6931903
37908226
53728084
5687618
51310856
16537205
51676454
72823455
5647612
74593113
32987989
54964632
87938830
92302633
19436387
2172799
7351417
99559714
21892824
37148509
16163769
59209704
67289313
7911100
91121827
44495686
64535466
32506419
57535004
84211280
82643317
5872220
78831527
94453023
37036227
75088053
26402118
11893438
40664098
45917411
19264875
12205255
83686257
26861674
32727306
90610252
66117789
21521987
66125994
44618151
32667511
33617204
93366861
25902449
82191495
79527728
2983697
80521102
74823876
16762234
50884365
74911142
33007905
79096806
84396403
21862161
73452848
29233563
87113359
47871845
45024764
14055101
37565330
19141856
42722408
70206311
82136963
19759216
47483636
19486820
14617952
19062465
88020098
53100927
92742130
40440886
96520359
32414185
94351178
12870513
17459736
11353744
7955765
38985949
80432567
81670536
933072
65422100
16835048
8021382
62513162
27537827
6550998
68083001
62764488
19800183
34556389
17634045
55956557
48551280
18117259
30493326
65328983
8855622
8706276
9224160
552735
39157545
42642396
57103629
34715510
56356656
21720147
29978525
54325413
50106354
86813574
50194705
83524189
7893319
87941842
75882273
52758316
88533489
76573374
83324457
69925180
60034491
13620314
26163250
39201842
67807917
36582194
91686045
23633379
86296841
43729355
90157101
77919088
29149451
69434783
16164376
71750485
13748751
6144707
59430190
18995847
65829204
24811334
49252186
8988506
82589329
31991190
42438575
7024423
99702404
58759376
15238937
56004176
46168336
32969179
47652838
81703446
78786826
47026374
68669286
96280828
22744740
22612573
68321898
43331148
2372012
67517180
41213457
57172356
15199445
40347713
38771511
20321468
64907012
78439434
93676031
99699424
8721432
22516335
73195
97546700
2530234
22700340
98042171
51773280
34286927
58815887
32613623
24968670
33773226
76199389
98959900
90019682
56013762
16608926
71837257
80742071
62396437
75099203
41518243
13669160
97822857
8881627
33631052
90748030
14666906
79790698
25407929
96201407
85172683
72614703
94659709
32615057
68077866
73328377
43175647
96415147
99180004
19253386
69375990
81244951
93981951
6073999
36505110
39523825
63410658
86689402
30003041
39032384
81304099
31551517
24728901
33367092
79161188
81092768
65836382
24756193
76950757
61463235
66292266
46609809
36709069
49326953
72571276
49490738
19671395
49544592
77229726
99944518
74420865
97866737
53718586
79081516
68995703
99126509
91393892
61891446
64870215
35667025
21141220
50097827
85607774
57661403
89830080
50623867
91230428
65389053
63074277
35763603
63786972
72280296
57244076
80179076
85000726
48349610
6788236
91891453
40234382
59521302
32648
20498667
64578130
19690325
97395347
28708303
98414093
35577043
93603455
54504456
59125828
57867309
57485998
24444109
30020261
40380699
61279278
58005849
44259175
31670011
26614218
6726823
60754544
96917871
81757596
97827625
62917447
66999334
96243834
55823104
37475308
41938029
46038557
78181679
87261751
95984131
66975722
28084734
75489334
87465380
68335750
37949379
24573981
38088990
66420977
91601523
98337669
9551901
20073385
52773151
58660683
51271618
2057579
23968488
74797065
73474158
44128899
50942347
4500264
30463148
39903776
97894300
71511219
74385706
84422637
57171980
67066518
41331262
64578973
86936145
67897415
70714919
12731779
57640471
57960639
94100758
40869067
62002926
68938102
47097324
28031921
75694088
71612781
61223113
29331057
37412715
69760184
98945943
8412059
28840889
42874707
16858152
13731454
1852847
41478651
88241656
65550276
76575206
95688021
49502607
17645653
2696112
8814223
4626300
67650439
62379923
79413456
75387554
68097619
91010468
3592753
52799160
17412101
85102720
26311728
74486239
37775055
3619996
31826335
84415099
60527973
7673018
23436589
55473333
8591048
51728637
81333908
67118539
95478881
33394510
59443171
86232482
528782
58972667
70226874
16807205
73011519
90796585
93461848
52885950
94653971
27726672
85918703
94093499
30167064
9063466
94104561
61308420
17560629
51804473
50258233
6241290
92986806
37556757
7211960
5233916
5498669
62798476
53696361
8858048
1276034
17803811
57539330
20437339
90024118
31605355
62336081
47334783
78651080
32013200
72160285
61771878
53763135
32649596
15756780
16141600
49185150
20890241
39842926
82152100
12264689
80633016
89399753
51623536
52087157
86929552
81661681
47075362
42247180
34622591
80463024
64275409
5845557
99233621
71707068
65469889
8910506
43179767
82309718
75952087
77616473
68770233
50175389
61125911
94027871
38948537
73210557
77414028
27007085
14388441
39884739
86950989
25067760
94393416
44532735
73861845
9992749
1260814
35712485
51760453
24298283
73524862
48124482
47469779
93493536
22324659
48973127
79380565
55655269
81058364
93543400
48441083
92695694
41820772
59999393
7486459
42888634
2154826
19212084
17262424
23305654
44646794
19658502
58072967
83465544
94360678
96638950
7533445
75103733
46737064
42610224
24108017
41806474
8929453
45027828
6472177
19287905
82639787
64378783
24467790
2146654
75464112
55285721
67455812
1616686
7541646
79453473
71675637
94762327
77199707
67140800
93353385
55103237
40438202
46089577
6307086
13219704
49321120
35714297
36098840
65703387
7104546
850732
34302208
84009399
74835048
53984408
91402315
76941381
60732310
91864298
91404480
50003706
63885693
50624447
50216047
43563197
72595419
588785
47571396
46458181
76282215
79538849
13508252
23881851
87236757
59015537
74216560
28429436
74252187
59793929
61054112
23856473
57762890
58944553
58061064
84126535
7925195
75519418
12417329
13272570
74208746
65421167
19398455
28415129
22776986
13567475
94703160
57042470
13393851
71360308
61998230
99054662
30093199
7263678
70948597
11821928
55301937
61872050
59418524
70110077
38946003
11900844
16532063
56991780
44674148
16996833
93730522
18393811
62622190
40188140
82303073
75435757
7652867
12981781
49066295
42089270
55615638
49267903
25973573
99642267
98648642
38046882
8371768
69379624
24551273
82437572
74548162
94595451
73728400
86754983
22942998
24417171
17327930
39434302
66334319
36430368
76612067
7455929
22429371
1706772
66619495
95361425
65517425
74104707
61925035
61752423
76990488
5084935
43981351
59932067
19786558
49650474
27859428
85148941
55773174
99003045
4934312
73339180
46627871
67306695
71268648
10996067
95196328
57653852
88951483
8684434
68808806
62531604
26879194
55120913
12504370
41898650
23014326
61415844
5107162
11539665
78814669
15057515
27093206
73009087
33150492
74078467
24383122
40828634
18185331
40966362
61455254
15095070
32914091
15634498
21796995
36195206
95383438
26477865
10262289
14753864
71773956
61994879
36328203
26740451
40517478
8003729
67016439
57030039
45315219
48655153
78664804
14598461
8700993
57393789
36435756
23002869
83383684
64681441
98185226
2665074
95435502
84174565
24720326
60106741
68072842
59824428
14964760
14391191
94504559
28966939
95723539
21013483
27863454
81675430
51822693
56257744
36065284
84037556
81912130
55774838
7669361
92200346
76527115
54387683
75067410
75654686
74983541
47793038
76561391
98625159
56435639
78198707
90620085
90777593
55004759
47626062
11891591
62250091
72988124
92202313
95002484
35715478
82623165
48920871
47034590
43064980
726391
21967968
75323778
96069696
39711431
84925550
4249202
25740208
95764326
41360437
89100820
8872850
36737675
84880267
74414131
66971513
52401322
67566604
28158151
61884621
29176812
67179225
87283321
38993394
93158020
72987046
71263304
78358949
59116055
6526037
5295901
47625651
1589543
65026381
96230210
55745537
82361724
72728454
59629591
77330247
27767305
16350011
45761493
33001218
23781723
99006791
4022571
3165613
13138389
91907108
66311241
2087526
23264337
30415692
40425179
8251854
6810946
76472139
68277654
32750494
59082695
48392167
71771400
75442560
44414102
99411362
30638930
77743095
57888729
62595409
74277914
12326798
13245099
39527152
80518646
40000211
81604051
40560616
72961054
69829512
50185470
32792509
55983515
68094177
95136102
40674137
99213747
25667720
86572326
51791874
25566137
72669563
57034729
7175087
37788907
87486426
83366583
72066974
70835751
45537721
66948005
46515124
96976477
13524170
84659356
32640582
49464450
58694509
47103047
49088984
4373227
55251043
19705505
59836965
31838500
28464649
59758072
67087215
62190436
65196730
72612243
72698503
55644398
50655462
53264373
65839476
71600845
34466319
35616155
83018248
2353789
19679354
12309750
51378771
43695093
53968715
17914933
68164493
98146439
78874741
44760938
96002115
62601221
86347047
13581829
37865742
69298149
10156924
64859840
64884901
31857767
85162367
92706037
93946552
2646163
44027529
31030918
41676111
86260984
11919954
35109374
44423454
50065651
3711024
43806335
65989798
41272082
55229306
51934903
1886433
56753243
64372217
64949989
28094211
74849550
62421552
81607000
75585089
29275797
36113162
57312721
18217913
64669667
8327377
57719183
86192724
14844684
39370257
94275932
4880598
19071784
58911688
25242833
79924177
33508288
69629417
66798018
32311529
82686790
65402702
93898264
92175196
94938931
44952067
39786020
57900441
9146510
67826297
6586741
74965547
58162737
95959564
8972665
14648670
93812098
99016459
93045037
21852018
53553992
2310168
24360753
7399011
32926688
57771759
29556280
37782105
32316746
42734254
31832163
30470900
3037904
67986164
84410931
26910134
36736331
63556509
25679816
98771669
9804475
34876126
47789112
34095340
28652714
58027766
10681238
90024463
43939670
41337070
15338380
4359672
66698699
43305782
49404675
99495549
60270755
35114275
2021183
48041912
99501840
47502495
81275193
89013628
94097606
60883658
42509071
25010227
47001516
20513670
37690710
97918039
28628606
45568682
49137341
34102253
31956726
27701027
76840756
44252590
79829588
30606835
8510724
6756291
85667087
55026376
42162419
72347944
91716813
80357710
94094345
97012130
95849624
40491173
67799315
43902839
7773386
86456061
12374931
47187388
63750484
79768822
50126871
27901008
22754944
97382969
63408557
81082361
62379226
49017511
50948967
26538682
49674723
81807927
53543384
53128836
4049135
59650488
44926422
25648697
16430279
65787649
19996814
3507407
30828166
102240
19558870
66819271
4656789
90026375
63668867
8153113
93149240
28818676
5144328
18812505
69234665
24999692
31265557
11834944
22784752
75914534
29022208
41734379
53147773
72677042
23049766
14409228
39547579
99025872
87730505
57658795
1351961
53433954
18786353
97410718
26683856
18589827
83075392
91966569
80920049
26548224
24461421
91646495
45756791
43812041
39950363
53583118
69743786
72535318
52086725
47385418
18939540
58538301
37149674
5491242
68147053
39529969
42597494
24373173
86992397
58423415
32245842
10589669
72207789
14937728
59063827
43644823
3411717
2576212
92990588
52733014
52941143
27002602
66805329
40081065
65080153
12332253
79583307
42006437
96248617
34425768
90147962
61229695
79085931
34518661
92595404
37341390
70867346
11157268
98261313
75753644
4643328
11180905
89275861
84640036
49046285
99977456
52013772
64902010
71892116
24058843
56612868
60088271
98610439
30443626
18930078
15597021
17342988
67659890
77908876
34799492
25531783
14033450
27320479
51220907
79828960
28266829
78729631
28146508
14103196
30130454
1813145
23471875
86695133
115765
21841477
68904021
44612064
14743601
82766939
92746224
90757178
65373696
41746217
10964477
41889536
33940655
42636320
30495919
86809382
38750501
80626659
56914595
39669188
25736189
32298946
36416973
3251730
97919956
96800854
72372942
44373070
64957381
14394395
27118143
4435125
40301279
68579746
71210006
96663168
45614371
68822080
64792798
17910634
95717515
55824055
63026891
32450648
93406644
68116853
29850146
3856212
70458931
6552718
94787136
28353294
42609660
56832053
22951071
51324616
78905772
92804776
17757584
31193066
6716434
40566582
80524009
23372379
38747260
47086792
14105508
4334340
40068028
94545018
15366762
92831028
21524261
32367783
58551223
1471935
836235
8681660
58075314
89695078
28791002
25157152
90112708
86840932
97904776
25380788
10903975
91640245
3163572
24937650
75557052
33877790
85884459
96430127
23928290
26518904
11091496
39252779
48250111
98900617
42144926
78363755
57918483
28827114
15347988
16792326
54115752
94002381
21649445
47213728
19521253
47358676
48558628
65027916
43859792
96937947
80125934
99560801
12653793
10744160
78612866
86793399
32897402
10014704
77243485
26883847
15899833
99653811
55850806
54682731
34730595
5023262
71818672
93610882
35504489
21947282
62667930
85056175
76590940
88221345
22385821
91973903
68004121
49187976
97311591
77914006
76558680
35546348
37335561
72727429
97032731
44330587
55960592
9062821
67673588
73509420
73887532
95269265
42184884
14531904
45586955
43387620
8189975
84289537
71331573
12293495
65490115
62183200
72359657
98868416
55542377
32259105
88421217
72263954
50792345
9816203
38944859
5813250
34121430
22750337
31971415
90248004
67279611
31077825
31103669
33232172
60408395
42592279
98303302
38776573
75993299
33532624
72903233
99662264
32794054
20452602
84684900
24737086
43504725
85453827
92380132
32927700
90165293
84422080
71586284
95873944
38715088
33962211
11943573
98838894
77732873
13951253
45631572
40337694
9986539
9416817
76981143
48165609
21479095
23123896
82780839
22313469
11971064
86448175
40551195
28093160
50866538
84674498
58313244
4834867
44156222
54637331
36150421
48275797
27747764
58968880
16678224
81568188
45475428
21840408
67973838
82349659
56547520
10640436
49770614
36997515
64754117
42774457
8657327
34688173
78842
56768154
87199973
70155095
36900442
27481967
95364738
93717578
52939591
30166838
94109394
26770770
38496734
25389753
85374529
25772750
76387907
33365313
29117782
63545472
26059798
88456056
14927064
35990962
35237447
19823196
88478854
46097727
12417546
92927351
36479211
69575686
53946171
62565121
26633044
53108496
27983491
72824430
33503430
56138020
41860576
99988235
69057510
88426995
11816791
90388548
84314940
52616833
41746813
73160487
36184298
18793585
44610833
10298101
84856682
71773917
11540493
5948846
53838729
21267022
82841027
72089813
81723638
5081502
35805379
95239878
10774541
95119451
39438168
21076864
16992855
11719044
77257907
10941847
39520875
65640479
21510386
78129184
16502309
54383849
51170360
20823737
11187289
64434263
7637475
11489247
96762542
65021410
73961598
32730588
2047572
55594800
22249943
25310018
41873488
27147353
97082824
32163075
51308749
34797324
2982121
45181153
49111367
97410999
40473678
15127700
41676668
4175864
69489613
76941495
30215702
20225359
36411551
38019845
441299
41931771
92097174
5924051
75572552
31802666
35059633
1424758
21232788
7919784
5763579
18507198
86506906
6462247
42339451
3765218
65572398
13759167
49481316
60544032
39352668
46234756
23736110
15513966
67041366
23430794
40161199
10780535
71222083
45425999
64438096
8756333
25862801
37547649
85326857
76303071
8657808
1102569
69658675
216267
15313838
99782405
68517903
59950626
79614724
85519158
32944673
24440583
60434743
68568444
79165409
26877661
16298828
63750072
28927449
90021678
27286060
74077445
51424966
53645035
52166865
26633660
98235256
13737498
33850877
4181018
70286152
93637444
32127895
30962726
87012319
94986396
38902119
48876843
99417583
3723894
71148741
89627208
86301281
97695312
42945727
39389487
62427528
5780562
87142862
58756721
57442944
75459504
35106398
86251849
37428052
76232835
78169259
63933039
21520900
65100636
6835725
24029435
22113002
81174445
55537547
53220504
34683278
25962188
96902845
60653557
29217178
52455819
40604129
53113688
39813096
37060296
44978531
3788553
83915565
6037735
79332225
33004610
16777479
63255070
11021953
38822615
28232203
81225231
7818373
94967885
79256607
11924172
2758996
66869477
4138099
61116927
29512838
38053772
70315414
22911704
46229081
2300323
94422575
71743763
75191330
5382622
24860876
81824898
46923144
4083851
24067516
51118564
60965820
30470169
22264338
37921671
58654749
88623548
89154925
85834470
16387446
49694306
90925882
65221310
8090383
79101871
5876100
59760749
99669378
52938996
67194088
82775998
37318139
11119697
13907045
87647386
76664040
23304340
24204772
94455820
85615220
98135713
27198839
18024871
74931770
44660792
54643920
14809260
72607519
19749721
41827387
61881884
46617498
24184939
97608057
78828177
34708137
15838255
61485176
27766954
44658611
14740069
53757022
99031804
16720731
97911736
90802050
83300311
37620253
11936588
93599871
54815070
10324158
86714512
72862862
20606346
4431511
84658786
47091603
62143585
28699311
76983336
99661058
35423394
88268014
21229857
38969709
45708564
28310882
2995081
54815622
24605395
74735023
69908852
29741582
75044784
80839423
5076996
43026611
11773271
79397048
81768249
26478549
44505320
72531213
66094567
65185234
86842042
813006
400207
33550323
13945832
9963030
6826436
38207365
71720448
75426422
7509847
66537361
28837523
73231370
59320986
40555042
88349914
16790704
7033818
71013177
90069093
12941054
69289782
62042543
43791376
84309731
85480425
39574431
73740526
15919912
5347334
21022673
1299723
54311771
13586072
40257805
9420491
45186790
57225562
22023867
59680676
60061136
98360225
45337438
43008198
37574412
35435227
57768629
5007868
4666580
55499021
42554528
42686402
91551968
11835341
41050705
60490801
55172384
63496419
71714755
49962945
37618098
68720002
22271997
74807348
74057815
56841218
73240715
68296619
65230179
28976862
72181530
19841326
57694513
92614357
25212883
93093948
79471927
84889200
69538214
51956811
8844051
56156360
80495937
96155829
61557978
46371188
91634305
68934022
40199603
83384034
59347335
34163921
30776350
2410326
56323536
43311773
29454854
88223335
5061181
18721080
13993651
1473202
36543577
28862549
27975892
40312903
18917245
46843362
48296179
83794269
9622597
60473923
24767294
37799631
22359516
23195437
31459060
5308597
73133031
35189915
34875564
64189936
97843926
64867240
76900248
65869312
30680557
87129183
11911262
87547893
67285433
44475927
44929367
93880837
67383166
55872206
34055628
11451014
78677956
85185508
49499000
45449
30174646
86048708
82344094
92001248
74154675
33798453
11181107
18078245
26379876
97489849
67641261
54659297
31993577
21147054
29699136
10077994
52280115
78854952
62415179
42923353
29382249
88656266
21304824
87592218
30650894
131205
5516148
42635826
31119134
81437816
78353246
96249621
70219130
13013090
68462748
45458642
95348938
34117516
20785824
33091061
17010965
28040376
10105231
61366029
11707349
12309527
57492338
8305035
2864132
87768948
80122178
93495547
23890922
83035838
58934737
74476882
22562117
20874324
18700269
4501177
73306117
39483731
74543197
91475801
49737145
4626670
74841160
57065452
5495599
92151619
17940661
47221107
40672260
77921208
6443300
98570138
6258069
454111
693436
81497018
99222872
21864103
74852184
7389168
50052987
19196039
31953349
27646703
87407642
32448046
97303452
51174203
43440111
6376028
58814205
24240151
95787149
36871529
57849300
21439827
92662336
49951782
64683062
96030405
27975358
99794649
65847504
46279352
66677378
68776526
67824350
84652170
67938674
29334568
54397652
65785262
69374679
98021632
71091795
23417291
26819114
58845904
41989170
20710737
53006962
26988131
48824976
95991921
31519722
48476905
6778019
13326022
46102648
54677373
83415389
79638065
79429106
51490058
60628243
50258050
7587342
88523033
29375229
82001750
86880982
35634936
92175445
66177489
42879773
19243974
7859783
17347351
14168892
16715652
45453611
54733310
84523622
29719181
60662749
8792502
70086717
15996532
61246397
99798515
9051612
18825868
97924127
21741936
21448735
6040501
68152721
70438099
85150901
83964022
98290051
12568948
54290876
5656734
5398392
30418255
19603620
94938123
16833582
51341625
25680483
58447916
83006238
85733133
5460889
30935610
21543965
59298982
68538682
90486151
67185822
73735602
37530806
74860279
61098861
27522734
31418919
4440137
99469310
47638473
15283782
27003419
59182666
1950267
19993571
68261325
56632542
85121834
46858866
59298446
31739314
16398368
66051517
39982215
62504946
63616513
7160308
5545977
2771297
78138347
70976079
10751014
27483332
22541489
14857233
24376349
4804779
77770999
64560411
65630527
27379646
31347296
66228790
18335514
96856905
21696791
31899860
92888973
54805835
66514721
604791
43106047
19782000
98045627
53275301
72431145
14870685
1708080
79982769
28926076
24590003
29937619
43883098
64023623
84063089
71861781
41022448
16929435
42879233
12745029
692976
47760692
53853207
14543055
7511965
67608059
449957
62592241
39489386
49377281
9562993
75699389
14759225
11253494
58360496
34733301
52842788
32545922
79467380
40083519
90820526
8155895
86611183
3855752
32016550
71173068
7236922
71164238
89702172
9950434
39179550
5947604
38888251
78121702
90367596
2361060
81173592
48083312
14895629
97793696
65201808
36971294
27652754
80941631
13472304
7265874
5655187
71060193
44867604
43872901
16285780
38814241
15902520
14994403
95138945
83732051
44865908
9561401
67063604
6799393
41558979
5207984
6376995
74159829
86395758
144075
93929448
52356149
86419794
333497
5205782
58383096
69446680
60040726
71788687
95085742
13785499
10379812
68746063
38108794
30063633
47638733
93530478
44746457
48907962
68674831
87273655
77624780
58592910
7019961
4149812
94841556
95252138
50284633
17159605
72737855
56507488
67681907
57512173
67874934
35327009
63460297
10352330
77983829
29323704
98760132
66803702
80876585
97592721
43829445
65775682
37868729
3734552
90180527
48652183
72227584
19281823
47899490
26453277
35809484
26075625
76501822
41276410
62385016
90580320
29155343
98764037
169906
42318352
42261581
68612194
67868936
62719198
67320014
49171476
47052837
46897956
57792527
81060943
93703247
31961707
94353807
78411341
79967525
79286663
17275446
4580658
90501940
6069488
76703518
7046281
1287828
87812360
61816408
5297196
16614643
76019650
29495843
88594251
89756063
53982620
35333890
29600300
2023139
11986518
81222737
84560781
14697470
28637578
60126668
55261770
72021924
93942157
58368910
52390834
82289067
65327082
13451818
59668985
66124047
75779579
95576013
86431447
75550598
66489747
26804752
13438439
87802522
49321061
51972520
33057829
98176433
89443672
95899478
49073572
21432329
44757651
71782781
34580319
27370122
1101756
50928417
49005462
89197774
35710780
25073945
49649952
78414596
1117511
64585113
58282492
31805605
68786198
60405342
52904904
6643335
6873249
87187059
15092613
81673449
36918379
85150710
88590270
29589406
48019395
72278455
8635908
64354399
41492856
10872781
15963626
17185923
77406362
40364251
53569497
64557106
43272931
19652491
21424254
87773258
28046204
47544469
61571907
18859382
75148925
13368221
35429054
18371356
54777420
12273000
28509014
58651353
11956130
54876798
3731836
78401012
46370326
70153591
54001377
59254750
49048417
2772237
32386780
12341284
10341323
30004247
55486807
87299308
34731757
30063496
33182332
80144308
60043571
13631493
98896340
52598365
55065598
5768492
83555664
33652791
18177926
79540903
97434432
10737247
15018258
99726839
5525479
77554004
24586126
20271766
86032159
60798224
65679517
43120691
80761646
18092199
989345
52264471
61274274
73859662
96878288
7740412
83828763
3365047
64628722
59723497
50626813
5174428
35133134
95640440
85879364
61839683
44579618
9204953
20971285
29924171
82879136
29145860
79647523
51216855
14061056
91580229
43696760
91279245
35639240
60884473
91497714
18109758
71723543
90554937
10924984
3952887
65182574
75368789
85267658
11217179
50445319
84409838
87799171
8917418
18514314
45823192
67850835
2629516
39005300
2563758
21731741
32768129
4977927
81716167
47146991
51670871
72190781
24775679
22560377
51287693
74509252
97040308
92466398
94959533
55743238
3705800
58870921
47748092
78547755
54888550
31637587
2385159
87715189
57685217
4920306
71188046
49590759
97941330
86082031
93062247
68269953
4991590
15897720
60068510
40881244
38581811
42606672
27415791
74837951
54856462
13503292
80908456
25971445
92564800
60541093
24509099
92387661
93121186
47721758
98136897
14146687
85569411
3834825
15717879
27558882
36696380
50302652
65808821
58240717
52880253
49271355
12863648
37372922
7367159
19021025
17049998
15199552
9794610
48865354
73142593
95737438
16997498
72687964
75340924
72705879
32746998
66482921
97052425
85024798
13569147
41443530
21920332
26180332
37155373
4793903
44395116
68037953
50723211
19361156
64234503
74667068
59340120
67159371
37433375
24970536
75757091
26519966
2148989
57207119
38919507
75169666
23851560
23600655
24294776
91645336
75448493
4977373
20999169
25671905
78807987
54534815
15162322
50447369
54273847
1561241
85863625
32927029
25302606
15791722
40772204
61718743
51045261
60811191
60262371
97658895
19434833
57157424
95833583
31228002
77793694
22118576
63923652
54911377
13292038
48607651
28528535
13982593
72752612
92876925
21084456
18284465
90547849
6615954
40626968
34729594
57828137
78037267
53164843
78415547
60136600
7476760
6371251
98502786
22596562
90994701
20349874
79323245
28428486
89901217
16246526
52801128
81317574
15397569
61800981
74850952
63237567
69533325
52836990
11969583
51658449
46128793
13874516
79887222
61255453
48210392
44433164
10330479
32938856
29432259
56733717
20111674
16547470
16297727
23876550
54112722
23160870
53424175
86495700
36448265
93516156
7596801
78185620
4570043
99929153
82639991
3647414
5140916
66546055
32990012
31767672
68198866
89356790
91014837
51470250
50001655
72891364
60239268
24575697
50733223
66163295
95045101
3078197
35761669
59446696
30981024
82509196
91901677
2985644
3226639
81925304
56505142
37460799
27498751
85475608
3718301
99067665
60367341
42253885
76296689
91371931
90044529
46609250
69573601
47524223
39346928
30288797
56478034
12284692
1500464
32457963
99723728
82793005
41317023
84925708
6664140
17608876
52716478
1109887
88549661
12090366
92815470
59009731
9125880
90737137
15045871
57910860
35228139
96009523
59838924
692647
46064277
4872716
77817235
13763836
65303465
83939640
51105517
99637610
85954818
82485316
5692505
848111
25276304
90049536
33108549
61170474
16376457
22937254
54208584
80792558
63948762
25082500
18764144
17570460
71134150
11477380
95096859
17911982
83699347
8227276
11334203
50809894
90441258
31598908
84327321
53132436
68471025
97320433
15501460
11265428
20482899
34623303
52247979
20457873
53005997
30268204
21371401
44288397
61173406
93918483
20874745
75252372
57195057
55739268
10083540
94951286
96009767
77812588
70759681
24905624
98442329
21456111
75438566
99760382
71687976
45696643
8896534
32374793
61878758
87703331
3879273
20787452
41101097
28700974
9434214
84486397
47807506
30263092
3595478
23789653
49008434
24576104
91506581
15414782
49751755
2795047
54111960
58572765
43127652
8209174
71032506
35629416
71627872
30593051
98842252
41762081
8076186
83670910
62080228
63080082
40552067
25959802
73027235
25931212
75664777
69347643
16543716
59883176
4204300
35754999
12912505
73768987
50396959
95324320
76211779
38985833
6573830
58922487
7563724
49631080
52701202
18454177
81255987
89404033
14199681
82239105
15598693
14574560
35457625
99337358
73110656
62543884
26983589
72662723
69451015
91552031
70724111
27913518
59800861
11680527
3329401
86340788
46621469
63917669
77040162
11347122
1331698
33286865
88150153
66560188
23605651
23492647
90183056
65742060
22385508
48637620
6982238
36924422
893513
67494562
70421704
25503508
85245087
9430171
49520742
50987796
21545633
90706612
3960848
62243908
53785431
5700032
37236380
90145112
89741134
95784339
35915733
88196650
94611797
67948606
11217056
37192591
34005964
97269739
18078244
834968
54742067
74786375
54580103
4597538
39421497
48003482
3929542
55809265
42695203
11402121
32430171
92099154
51261905
25080695
55663670
40620976
50909662
24975060
64205855
22450899
67765607
94906580
81975015
60128300
39306249
83648622
29215353
49478979
77154102
92703158
80686551
18825053
4564294
5683552
81571110
91599901
15946167
37034096
29634530
88013315
50587380
80177365
8756145
73984257
78497343
55149354
58985642
74539692
78299946
65689813
63527430
66449149
78368754
85256200
58989092
64480215
57979785
83739706
47100015
11098608
34536044
43446635
10755610
90858218
29843428
13121009
81112323
57521147
43668209
99817561
71719658
54554408
52210941
72899628
28477610
58908768
95882446
73767448
24036437
13349488
68929969
80625206
62567986
97052051
99259185
79551280
68566164
52944594
85549502
74280100
26497535
38981963
27359740
95596337
54582782
80246164
54471238
64558024
4612336
51082322
62195126
78511942
11405389
27721731
10440654
82918995
39128406
82086953
87529550
69683656
41084510
24866940
47584842
35702684
16368434
35474962
39340744
1245742
78799197
49544384
52396807
69354555
15304069
93233707
53316279
32762126
9838373
55327828
8803687
22133731
25062290
89132989
49204271
73319615
28406511
72359663
9212061
2247138
7051210
10869230
84711134
31285154
27048671
72112265
63256699
69689095
13126269
65373499
235080
34868864
60157801
42798478
90225075
49488685
72221598
85444715
49285165
22860357
91392729
4375713
48277798
36795726
81328784
98361119
66840382
63882669
46108792
55577454
16798951
52905434
2645751
24901607
96617510
32815197
35965214
76663971
33356024
27242552
57342249
36371416
79404875
41414187
5903623
43633530
54620089
11418833
79650639
60176192
38187125
67385609
30154545
3874168
54938124
54762812
44290824
70352960
16146462
24938427
63767687
3547797
41050971
80086354
47849939
41591157
69118511
48741247
71117217
16707391
98993311
50495179
11253155
33384745
52935871
33002840
83793175
742628
18144155
44541258
8632656
22489443
23855120
44691758
89633350
87506793
93244479
30015441
89490506
54520261
44146744
87280024
94555751
59313992
56175431
51124654
78154006
81135559
51382516
50773496
30925329
10723158
47990898
46497127
8914726
39264117
7845263
60632297
47409241
75689438
32747955
45140217
65908571
13354319
62613910
80770885
57383477
94542785
86418430
49728856
26203598
81992056
1307558
58503887
85682942
74167819
95652826
46498542
4948093
21303852
79909186
64028948
12302137
38498063
50990531
35589509
32333141
69265866
76243004
13605777
12411558
76628292
66331249
23961884
60642546
6165444
21620692
85980562
90865192
15036965
23809720
67736366
20292565
2618660
48315450
28469610
34673733
73327610
51602731
97840824
56074025
867745
20859865
81355869
30840082
39838360
74393301
11747544
90216083
96609944
2321677
83975120
37090085
29764413
55526887
57375891
6012132
99456906
27223207
31978586
18887502
14038622
90219358
63250353
70503271
46543112
76174663
85983002
31430137
15916178
59588098
6686457
2100343
43710817
71004952
72696017
23754171
21362233
43818021
31538436
9354877
79170149
68510751
76419281
44554630
40560088
42506300
79374485
16206208
52111469
33683104
15182835
27427050
85537158
23739646
61263510
50062488
4519283
42863039
54745035
96758273
64237550
730961
47236830
77526718
69360828
65089047
3183699
29329602
39946416
81341236
7931905
97360522
6061191
19777802
36797285
96129946
70523303
96713504
56250375
51134178
76097865
24887561
12530360
69950520
92998661
59691037
80237287
13542287
47814376
80829904
52483791
77248975
92245527
6086218
1093764
55699307
42963879
71692630
80526142
15166672
79475481
58749362
92675746
48679984
75817659
33699106
5200423
48436627
72072147
2894968
83291871
36717518
62693755
59761622
58612547
70762718
33360003
85562876
1450722
5403997
63045912
25450747
21431312
94892818
59907937
71508859
48831482
20586476
83021969
32885953
38623248
77081307
57225648
75944641
6935370
14592878
51983045
11726032
19226420
22869442
33207796
45805687
93034852
33565272
64712542
82204154
82533955
28784538
21398873
91981698
83086167
53693529
2610657
16928499
80000802
93812747
38104949
2086656
35960138
86054873
2723818
33405502
92081479
44147710
56511317
10670180
97935832
77472538
81489817
54696677
5732821
33641020
97983892
68438621
94990117
47280988
58724058
68451248
88904719
56696306
88176635
98967428
66958162
32168878
88524675
84553199
63703865
93387308
97182195
31391652
87329590
81599438
80043245
85071085
51268406
75561339
32729353
33435184
64237781
53572496
59012127
23889341
80938352
39258682
22480081
59899906
9999568
3589025
95499939
65637406
22690836
77665972
45634381
16744377
68716028
57776288
51228438
81401353
49960595
28971182
99490835
60097804
44243506
55306769
62851824
18485938
78020951
32394526
85502428
90746340
58596831
71845551
52782532
60889787
38711230
87932202
82127010
78375028
78918928
30881539
86483359
48918600
58365054
60684022
4852710
38620971
64399990
69358445
68503378
59590798
72643343
74018784
92530884
56003141
15074398
14899923
39731489
98283229
42604100
54373173
71930184
23824215
22067486
4723376
46032647
1794857
92482695
50446521
974722
51588671
29972335
74889683
95898362
47763040
45398956
74270177
37454302
728256
14052160
7186572
55803996
65664363
68475467
64654597
86824327
81242984
23088067
73272551
52856097
280456
72400224
39470019
35462864
69038405
2016113
63859388
95529318
82472051
40259922
47040283
19482993
21422746
83269334
37832859
99429314
8773256
73934946
11944971
93556786
21741672
78534830
7547759
3536691
15513681
33199510
99463595
12351537
61476855
90019880
91690750
90812973
16636745
69550754
58252482
69453512
9730014
23132886
38273076
50347730
7520318
83439870
87930858
61049038
69531024
43480067
34628453
69294987
67461168
99629577
77449745
30667230
86531623
8509169
91809610
17638760
39066808
49626305
21894484
52703941
6293687
32391671
90621686
65021501
27507474
19319081
35600531
42884471
44337850
26672815
72178461
87218137
56543419
10415855
24424184
85304290
76698530
48826566
78098307
57543252
53214500
36348244
45720185
70272712
69469841
75821631
89860914
12077291
89481202
93287796
52327087
69072915
61929217
4912430
81428677
19433241
83349095
67279144
20452217
16270674
56049441
78702016
22884452
72424772
84378972
28213468
57111831
58042395
14504376
94748480
22781830
95171175
1194979
79648114
27653778
42303112
24559951
41932148
60529109
98561236
4526111
72239634
46589829
19512401
56045996
18883401
54443512
59402184
14439489
5082467
94792125
56768119
97464707
44714604
97593414
80093254
19473553
42988322
478549
68707682
73314916
54019160
8774858
9331468
73550560
99187916
87437596
26055106
11756363
63179231
85886337
12547305
87400356
76547906
26394452
46276208
43216822
94723837
61303080
92895051
41127603
56699896
19881072
57111919
45483113
81833739
8243620
40782316
54605825
56269126
90422130
54743876
71238574
59140777
30000564
20131347
33381440
33717907
33749998
80900769
95530725
48345794
97618027
3684458
22888296
1842824
87934519
35773732
57863335
98689678
6560832
18773821
88591312
3820890
45410988
12649428
30062194
81082430
23159419
64269774
8486547
24554965
70488323
88983620
38588346
70779857
77605049
79011525
50415921
89243779
24899749
51194308
19818858
62034629
16258980
88481808
10509183
21302999
85261003
73855695
41182075
79521492
8244883
30292556
23232824
89964652
35733191
40477345
42797504
93346578
32440989
58444263
93013366
84482514
24919449
25327283
57750140
65901862
89846557
19476869
78180451
43246536
62920955
3089639
43926760
48879991
97046650
5787107
19471965
73318078
36529314
25280308
72032101
45609644
53852377
53985348
48208450
60949508
23545176
31570315
65050822
49181564
79745613
38969949
96555756
84509792
52935049
15978740
2257591
34492030
78453618
11656032
75016594
77473294
80324938
366419
86196837
80600290
86914313
72423042
9582180
54051231
125988
29716219
9202672
14736446
53312874
11123948
47852452
26323685
99176992
4070066
36094498
15052283
51874074
50253118
68845454
48015946
75466618
99685414
21822214
41418702
75416046
89302670
6055863
8786527
29904379
69272772
43840479
55298874
26000865
5200600
11942801
95624880
2208526
57040344
46581472
1484823
23933698
13703474
82149437
49667208
4105569
7451668
85043282
9598469
35782024
20150863
26251834
42405096
1761039
41227205
70723290
54051156
38729347
45388820
38790723
92442413
719384
35918317
61743149
88342255
32724498
8773638
77516072
85343897
11694009
97735601
79867058
55318164
59740542
45202864
21752232
43355715
18526263
97410442
15494142
27539665
62571800
99069360
52002859
58547666
77801407
99943305
8536739
9045321
35207200
69815417
32915245
916419
56858018
79908703
75823705
48113083
68336469
95795499
17745489
50631882
87923480
10999066
13845329
61044515
59876204
35239509
33973705
67128196
33740615
36882533
10173806
71507411
3307147
74427872
50946032
83592244
49988390
95437863
82188626
86400419
20333561
24887429
25832351
37959634
10272624
15897073
57995424
87760531
13139049
78622299
20235154
15979996
74246029
78555712
33728908
24208258
79866769
91662061
83786116
54696583
59542671
74536987
5101598
78665215
13548261
30826024
23589225
91694
164294
88365259
97886163
10110766
12151506
96803329
53331999
17605320
82051282
60739345
27266353
39774429
61196352
99557316
88826369
94844173
51399964
73538704
81385846
21148790
87235266
43913060
86860076
53104741
37576656
42073774
30661263
95719988
2226066
50909992
68101538
47156094
2538262
73510599
46529220
57791222
5208253
64538212
44111583
67485121
28017099
80101943
81347246
54890038
27322440
75283984
20789412
11015226
54101756
21701481
72237993
80189662
87612867
55070801
2188877
5169278
75425048
14269212
33295797
38502785
82219007
72646590
48976016
69091993
53737826
38010497
64526369
57580508
32894075
12666541
75255457
88355311
42037038
58177819
24043590
85269187
84362882
17368589
45624528
54175991
82428799
72880207
41352458
79972754
58175243
37673667
33361494
82227581
60314528
53613119
99911497
47953853
32537007
31231226
54244151
13904590
11833759
29365074
24582660
32438009
90914826
66222141
70121935
79195429
98840256
83388371
60725002
56665892
48648077
5591061
33069
44366647
56674847
36371767
7900054
96598195
13276084
93620591
15188569
52026290
63842890
914207
15983416
32898096
39758430
59436922
15862485
51003682
38378972
11190393
46461153
41540498
79316135
11811326
58628779
79168999
96772718
40584551
21367309
61897598
82936851
22062659
31204190
83655313
42246739
767213
54391761
67319989
17376475
39050209
67666581
48069430
97999308
19043717
23389367
54909632
1538644
77727751
41882927
8926122
67512371
80190999
57050813
25360641
61008038
88782347
170132
96127226
92309889
39694901
37366063
63209735
93180874
7360528
38588077
89977381
91501710
83042202
85384591
54493005
72523874
97868247
34535526
14586442
91329924
95982153
54608172
93780254
86135380
65737319
2016740
85997914
74309832
82464402
66348662
4719725
58842175
13085304
39642169
9312320
34422261
78446221
21764143
76914310
31984799
85020424
68156794
92682780
56239886
22380463
66480041
87168846
29205047
94222434
43001985
43732729
8885005
46192381
63334641
38481326
35189221
92950928
39816260
37428151
14279020
39926756
57680820
98197248
2677914
72239304
76833561
59262219
86046795
43795497
16916240
79151511
16277193
38294999
79855361
99802430
78370868
54722289
93018572
8429802
11295263
39791126
2975401
22425609
63798732
84123823
41093924
877801
15725947
79838111
9522532
56519133
29507682
63141374
60228869
33079080
1223321
84767889
69521364
10058778
90137597
55548334
79149106
28427721
52489422
80609530
20199675
76490314
7460332
85182333
16313014
99318762
50285230
9668854
19823854
63082691
96227903
63574257
50931259
76034433
56453552
86416656
61528336
22535588
37258838
50516691
55897678
63052597
47943858
7833360
52466572
49487718
65606861
81029739
48726409
25939789
23639137
63519066
74247365
26528673
95701797
41260130
50128563
86298755
36749596
99998264
89194403
62143441
11124459
59541825
22714316
33767976
7466365
12946332
80782931
26633419
88614535
46559487
6336524
12910086
15670277
92473002
12731376
1503250
47510246
16313785
22597552
40516228
57873943
79030089
25250191
49068290
63029711
50322312
31942932
65581137
7787705
95996031
96281418
56063973
78189671
65248376
77634866
42464751
21053875
89327376
99555350
95724379
67680391
91659748
13954358
64183790
7210626
64055635
11828021
43886268
9081954
97751247
34256258
49016588
42725602
91897605
40827357
79168301
15669986
10687084
82574258
89366929
57172844
78922934
61913534
28335136
44403198
77320715
33459369
77639721
69569614
3899827
90440460
18671772
21251753
18584615
34119270
39174027
10084784
94976317
90223367
67813174
91797888
97713445
70036195
78585937
85455816
18516527
94532633
8943614
406985
43462544
65479769
16145172
88678673
5121537
93155566
37692046
3897048
75517527
17687480
33965757
71302477
70124793
13336650
62835345
95306449
19311028
12492003
23196317
19791363
9474047
98106132
43968962
96840520
25368931
20502646
60469372
71042501
34609548
21603506
36749991
73304540
53684078
91181988
85822520
98817384
24137047
60040135
38134797
17518849
60228958
6256113
39494796
44046451
94866385
12742838
5814119
76574601
83248148
62437108
5992209
28299404
96492926
91346284
63247926
91648309
96469587
26978846
97807281
60191784
50600917
61267675
36009143
62884650
38149449
27860626
66776137
33672839
21246698
2151520
90454200
86345778
41542170
54846943
81576359
73010343
28054477
21665087
67959255
15223578
76982654
22586613
97937235
2767461
30242480
8607942
61119803
65655759
84884666
12561387
34163587
12970707
87774870
30111853
25986407
86688971
9761074
75867598
83596805
27955917
7058174
73982586
59761528
86573624
31859400
39665282
54421364
79353740
51018286
39723500
68463798
84908954
92310342
54997154
49784074
19153830
24903159
56617570
63291851
77464959
20096549
62506301
47019231
11868551
6308225
60878517
43661878
83961368
49044669
35832752
39959496
96523107
61794631
39848021
2568567
82751726
93376023
16652217
4074608
27138504
70763869
70511949
41807828
45951763
65488564
69261369
76920840
7589282
15247460
90596294
86621301
29308009
86236740
72756845
83902035
11260696
32205715
5452687
34091742
15417679
11251771
98935324
86153830
94539711
20354411
83544331
37973119
45648679
10926652
84059018
61663157
69952081
60308816
32187386
34707589
6307864
82492425
46335192
88764912
50217814
54088134
61268551
26930692
52984194
47874733
45511395
66484580
42421772
89823243
14490991
59289677
76698301
82436985
77048160
63459367
11743250
23079796
65691601
75370307
58394857
99551356
68440644
63951845
58559009
44476394
65992433
95586951
74640954
3989232
87301506
64048529
44378913
32817712
19910382
44166177
99552064
33466825
38806701
22011453
51632794
58298870
44508345
91956533
40009839
59040964
71179094
87167460
12475631
38804886
67457952
57898847
83824058
94480443
49674664
77818531
56914677
11082444
91859335
50746345
13928706
94004328
5611369
17657875
89706580
62408304
76573784
64180032
38712129
83596881
93169103
37398141
8136717
21351373
75820019
26849380
45835486
97647599
76903736
12892066
69482514
61570289
91983969
51390690
47058337
22593810
77823131
78087092
36311118
3066426
98273095
12035844
73274022
27596884
98592971
23116262
3551464
6210044
39968654
62455302
28468018
65820764
1810921
79286865
63886380
31059893
96821522
76548528
86567759
63074013
20824980
51805983
61162577
37759688
63875071
26662931
6099188
36482684
12520041
75257750
77005198
74750398
32707526
11917315
55840155
17200528
8452364
35603576
30937173
95946242
87935298
90423466
60312239
3342560
15361085
8423238
26826726
98200219
4209475
52389036
70922533
87130309
87355586
53904066
30040499
36698191
41441804
66632116
45483938
73618092
62402352
96634527
57330849
37625956
59068221
55955681
94130685
24574401
66716716
11619943
35893408
73272502
82461033
52056276
21305146
41302110
24320218
29675790
36164325
29629834
32426881
88658318
88158259
49796195
15189098
67123942
51861675
27875928
91416136
79305881
15858254
71684304
38650652
45470401
59353716
18179254
85700215
10390106
79339113
45557568
91591657
18210624
22467092
69439555
14109575
97031394
30087750
34084836
4948155
44536608
61729562
21511882
54341073
68192658
54658953
17191376
63981410
55167664
21155320
83684396
5690589
5317745
27040991
87665172
1884688
15939277
52159148
26338864
23873982
49309159
54552196
46479269
31061001
80881270
70314734
37107244
26481112
92144716
8767397
28631087
61521659
75579136
48118788
17041910
62617123
81482073
27349030
30688619
42331406
22356907
43920916
92337573
39210
33319110
24271207
59329983
25273983
12726959
36879607
98970126
60537574
37549388
98227745
31782369
70543648
91219600
22962077
18108315
77967007
73062498
58160056
26563116
12500161
97491883
8293944
30223380
78456451
53440664
15524464
78914406
54024509
35613860
85773308
44967956
28737699
15148081
85509707
69883370
39209044
12119635
16613355
7086311
13202054
15210119
64363082
67627339
56565041
9120126
42696267
42144656
55701075
40428930
49570290
99624784
88862442
13390843
45610597
12167458
17878637
99414696
28914562
87083709
50118737
14078451
12094202
1990300
24928966
74507701
10136012
16167469
78735339
9851141
77533025
94174129
7905556
927970
51787265
10114236
38562138
36062974
35350833
51931437
66399232
77624240
5497546
32408594
42036247
31809953
12295964
40266869
4066453
59897386
68024969
55061247
99392591
83807092
72494535
7141591
42960211
91440458
14269760
53230549
34919751
27238714
91403492
24977360
27627944
82813030
83537380
25409688
40329044
87514903
20634448
3965519
88575703
33152086
12451536
97918677
78381340
23214752
7603288
16610235
53715610
65780657
42994379
72064744
38854453
69322442
47460269
84452849
59699059
79955011
58985549
99022143
44112982
19696280
41988863
79553000
30686517
60902502
19224132
16619666
97775530
16908336
24881574
44450884
69420064
32219084
63718738
92603676
67229213
12825259
10773083
88655995
39911711
34955415
35394009
21382780
13886259
15776423
19608653
38133007
22518163
65730196
56988333
159806
15849810
18457835
95919317
39300612
19019323
86022472
41252882
69297889
82565047
59864730
98709672
39271472
32144854
39773057
94013519
44112973
24294382
92928478
72477964
48726907
39212927
28240138
30626049
44637948
11079357
77535227
60747621
32822061
72399363
41145744
96689091
81869574
96627743
57622983
2598235
29346005
54686792
80472979
3424232
69156172
9041674
4427906
94340051
98403312
94660907
25449144
28329290
88931575
64544882
78327563
40727096
43683748
82146043
82242521
57400869
73783927
64742850
39462206
95883116
58456864
32840116
16239360
72339047
30271398
63189862
62602228
118131
71946822
62947231
55284056
64220927
35867724
20345571
2094399
78542084
52505
51380590
36704925
39228269
66126323
83421583
41658219
30691519
31326846
70286077
19943393
24873066
25829539
19885097
51346848
9282824
18318013
1308203
66295156
6682020
42500559
90508471
22070696
94599647
90589615
85161335
8088822
90885044
29188152
61960306
22227928
34603216
13837069
44833499
34289498
63075031
11138057
34113101
73372975
75632701
28214618
8908131
38351585
80348574
74802095
22546960
11442522
14302321
54215401
39401165
6753727
51269731
88619744
28809727
16388626
254927
24915098
84884022
20504843
59557957
29625926
48726034
67901700
90310923
17575901
86852386
16513812
98417825
94658669
23655512
3451992
42478029
76826126
64148246
21845570
39520967
24522190
34007005
35323099
66571898
21435723
83863525
66182048
38041324
34865562
24077602
29942860
18735123
33078852
46914062
83221775
38481041
19016614
64428798
5732457
11751395
13246954
85275675
4377705
21876667
46255607
46441407
74394322
86684840
18337026
77910272
1213426
4416635
80141013
46755640
61970623
71910380
37145072
85506955
75100259
98445260
24862959
98328552
13598353
35736439
34174836
7530968
52022251
55636293
23715756
31029116
48817192
30706683
22972091
59066478
81554226
78354413
36327231
8646551
97391563
38308009
33238544
81569509
65387929
967578
33574664
23113950
35920891
52961311
17833286
21110751
80991653
51852202
78841938
93724403
71860837
89917664
35512514
17105556
87081077
31187360
80973483
24315945
24309744
64491819
30290900
45896017
66363196
98160005
89645603
9348325
56846114
65577179
13874814
33826406
73189575
71327297
55328040
4609835
68516701
89212817
81937405
87184881
6966589
15189691
85022445
53905271
87540742
9749522
45033073
40564733
56216551
56552576
81365364
70626569
96026289
55386628
82283832
54166045
17595495
96259490
3460826
45845079
96628288
96046560
44253095
15640125
20938877
8280793
50144607
46281254
73755573
6449717
6059176
81231689
85206686
35185554
76321355
91783587
96103649
72689697
876687
44196459
88987497
44750685
34107811
94561242
72999614
62298465
92451648
97622991
23440491
27839153
3069020
19983749
27837267
79532241
13317480
77030259
3149820
11986651
32474853
6717473
28008627
45051526
29250362
50273787
32925541
66708276
54381646
65719511
33192004
15300276
95010918
40626901
64648546
75675281
22687631
8869412
66268748
76005300
53307801
7505623
27830240
33790561
57295471
35619502
94062133
56397376
48576168
69670188
79862971
18715209
83598224
4660342
55477637
15839017
5745742
45577845
73714925
29300665
42398139
1144089
92868153
31088411
78238505
50937620
89950016
69301529
36076969
74414154
2786038
43127105
48191761
76059676
69185364
38177243
92488061
48395162
80121733
4937019
20473409
55572815
23095765
12734029
12096537
27093063
1098747
89015986
77083431
8966560
78848441
70955710
82040648
8560097
62295757
85821541
7588837
67820718
79379221
48014060
89611934
51579199
20925386
48463553
19209635
75646350
30061288
70873009
79481293
71462548
74673835
79686469
24614651
47224322
28692190
53846148
18341760
50774901
82004911
40026809
32378647
25203888
93155351
18167793
25237403
73243099
96823512
96564166
96132058
97516279
39902137
52294104
1210541
77883453
86391301
9673899
54405731
59922622
64246857
39018379
87328233
14203424
74911501
43985579
14968614
84193603
88195538
16276716
92695870
58588184
41769253
2896850
77465092
35624191
25320404
80719179
59925635
90600127
78660630
7280085
5184375
81720970
70053851
40256175
32469809
41304026
83570392
40652459
59625250
14123039
63859435
36670823
55486101
4519062
87545751
75924238
89151410
34634723
54219178
4569029
27899792
55696664
83175248
32395349
54113048
80936416
93860785
20094138
36483932
22560493
65601254
18021989
62884833
77451925
94435256
52782104
59297107
99658517
90256988
25138010
48454111
14967610
42366492
89632870
38401710
16057088
99921221
63906424
43353968
9361385
65616874
53044827
10899066
16411326
62270763
35379571
33679570
74827651
32251623
25278239
26549509
88736302
53152617
44236825
52097047
92425194
57297358
50200251
7655716
85625553
7853760
51047674
69844211
35841630
47242289
26898068
16518256
49074626
62847221
73352896
12247756
57844965
87132735
90740689
70701902
17808488
13631589
28536996
41587361
47637092
83508040
18503580
18287158
14567121
32302119
18704931
98599730
27334948
46959340
74776741
90129095
7620604
62201648
14051871
47864893
40174445
86879271
26258587
80418473
17056016
38068292
19893070
41672833
53759402
45253485
69257507
73275969
4950645
5797547
67742500
27819343
33862032
60043288
37802958
91471740
20013240
16758451
90856797
16626526
45764197
62942441
50154486
16672198
3752518
42454445
50851025
46654349
59225907
81113487
17596855
69847578
12797352
22819756
57949203
62118675
35392142
31658522
13671449
64830777
56304215
37961287
77789935
88820595
9385215
80077238
42059431
10921468
66295628
88332885
93438702
22640427
80827204
60756015
21827974
74538796
4456548
77559427
73322851
98096701
60729164
89070293
18510221
9339439
74217759
76993028
79174224
20246174
48004235
36582097
58565629
12629650
37446296
45665714
56012131
84537971
42167649
74701087
654504
37756913
96525038
56379541
48547896
79544031
52221479
53147726
55673449
52965989
8555714
85240621
93932804
56112040
49826903
34860771
79642908
28968755
12800214
92650493
71979867
11291477
323100
49335296
44982954
57668491
50529623
52899470
45263233
42291663
23936224
39953915
84915243
50879024
9593716
56256303
60572062
31437388
19526252
66109908
62274376
42678184
94689945
27369437
44065628
5759361
56814248
12345025
70152362
65487268
15258020
9149264
21565481
36889558
82663409
87565336
40426904
16606459
62986818
74279804
15085626
8948380
18646625
3745449
52071598
96225306
73302679
54040124
14651376
30687534
94337179
6557320
11544694
58590430
66195472
7074775
86796773
80309035
7392661
88154431
47372776
79053540
88972522
8758473
46593083
27605866
57250225
6822903
79375516
85248107
78288237
22518561
84331304
26854853
27153945
63654453
48253479
33115784
34896454
91635583
33545894
61125735
69904687
30528793
53934281
3149298
49060939
87609711
38427209
80292013
57517430
67147468
96668369
53514940
61515781
58739549
72046606
86763881
11231582
47061169
39820156
41325477
9580989
14023611
63471345
84447509
90420130
2126587
70069515
3930386
15768675
58862905
65113651
82885152
50180229
2128925
45457510
24341835
7724215
68799374
53452729
65588961
28153643
53403115
48561680
10902529
61753477
77621975
56361577
30319737
80475029
79373539
24040966
45121717
47876564
13335716
62881259
51485091
75344438
26438446
25579560
19211436
81639741
81961106
50483584
47347758
51885582
74504982
64788013
26163277
43183325
82480115
16041771
46341261
12649289
19787114
86540681
37282282
86551353
96210619
22836675
52023681
93673678
22912839
77391684
20592885
6671762
5899071
7298197
67486617
40361452
21989613
10605617
14486136
75018407
77872202
73862006
60741650
70994130
57092097
18575559
97340647
76046392
38437977
7385296
13156410
25883190
61911312
32710588
48568798
91989954
81961803
77491748
93169055
95809426
63217737
81768889
83606823
77564147
25669850
54875461
4017291
59356103
94766754
81739031
10347862
93404452
80313541
51618727
34799275
70505085
76197726
44953428
82420004
60905339
93052602
5632713
50147015
97546980
94947020
32565529
13480222
89534151
84646657
93692463
837468
75737018
80126692
10546067
40560256
47342605
29004488
36838472
73915405
60196161
41697775
46152948
59688198
87760697
1258035
39488841
53912969
18506238
58265471
54192679
23519964
78355795
87472887
42560086
10224170
32172581
5070803
66217061
60268806
5640629
70034043
72460455
88156190
17799223
54792002
41960050
66067974
46583309
30515957
70056672
19462375
74740112
38001316
75426592
86223958
93006758
56729807
58551840
65223108
92567472
7840047
25798218
27647831
51627349
66498955
46592279
21406090
28934174
75534568
65818887
7902271
3189309
5864193
21849640
61419927
21695907
64393922
21209170
96791544
55832324
10851487
53045051
29872532
19348526
86038959
63176821
76506485
4931619
41120172
94474239
17925963
19244796
35340884
85910785
68526773
33205236
59013310
30464726
26067669
45083233
86964606
52862539
40109795
53940191
32637771
65585819
93056309
27768888
4955558
14824408
66214869
90491343
90878673
12255461
87782276
89942794
34970638
97017144
22915445
18711160
80974624
81299345
50355251
66282169
73535829
12806491
93986258
97844046
18868294
97289008
42243869
40766476
57072585
36335970
90278466
47256949
87083450
45744530
56959143
30226453
61866680
95528945
79631322
6323997
17660798
63112825
67253812
26468657
57689904
13449043
65053944
62821281
78203850
6068932
70961728
82355573
16827769
81181110
65540712
97649475
19241615
59741990
65879096
63314796
17983100
21482630
88769388
46377329
52855316
3212039
73260844
78854373
54011578
6384146
45795519
3083669
84906314
88623170
56259250
81126149
90254202
68800303
49050338
45488376
2351794
23683034
76218833
55902902
22633513
467343
14173510
51372757
52189909
85000767
4748840
4798470
18648559
83483791
72196378
27937949
63293724
18232841
92534668
49856394
75180094
26893179
97606578
67370359
65570886
80639464
81119002
15619297
28207247
55352231
15205689
84535034
78856586
48352792
86775978
14326766
74221642
51203959
60785952
66958970
71926374
80410600
17915100
69118962
76338143
74589000
61056798
7728375
91512036
37351086
94507028
37711976
70008893
55821696
99235750
6033668
56361639
90373848
2548229
17762358
17258961
23350183
64225077
16823171
66371715
61430845
36724775
36726609
48492541
2052032
16116906
4646701
52739414
86487904
88381148
6022142
58936932
58361938
72036552
28945332
4211048
34402152
76817981
94792968
64248953
71033682
27145973
18214754
78408093
76683731
29879523
41064946
17404372
22007743
80907745
66845916
2871771
94796534
41281600
87833190
18454149
69693463
11202684
89716429
52406693
5843753
64719231
54182092
95581860
4870099
90917306
84045636
26678057
95530868
5487221
77644591
44938670
14161343
54856674
14407413
76933519
91731921
32504706
12768919
79979262
14194523
52943713
85819414
14162367
93590225
34286710
65279104
92112134
97116007
18538355
84287629
11145285
3009663
51559300
14328493
96792302
78069497
71830434
11558051
47925665
85896110
12354484
66896456
40090976
77542678
13071564
75575944
90450541
86680172
46493716
58154213
20360726
78434143
95778792
12529606
59807737
79928326
77742285
8531807
28720022
31393609
43220989
58023040
71832853
97704008
81784263
42983255
18826694
20399978
5452551
33989346
34043526
49414337
49155136
74854181
26469669
56996506
29025621
7226177
62264245
69965039
30044804
13096440
26313008
34144538
31338188
1316015
18271354
9782118
22837133
45032475
43428343
60498410
99216981
47047715
21609411
77220477
30135755
6285873
44275495
23096969
54627034
8075279
25438321
63294366
48413973
19405578
98584623
91668944
60564355
14758274
49296661
87786250
56384798
34698969
54875111
38817318
95802691
96860111
13060889
15999285
83302866
24441443
36637577
24733962
95596470
31580064
94164972
62081782
51709497
6143878
63519341
15884687
43089939
97094911
66255848
72027103
20989304
3286220
69587636
7255999
57574921
80046469
59903070
27380351
9034444
52304898
95545429
77274700
46769493
67773357
91943163
46105155
50569978
11286101
63594236
20246453
21864475
10953942
79471169
92353250
66469042
92937119
99999164
44656427
80694378
46550309
58634441
25091465
95206824
15917404
7447416
63065449
66760466
44922464
86064172
91633102
31701127
36468712
80886802
45153042
34447003
78616544
70885205
93492515
98167266
63638132
52581536
54898496
28818045
492326
39366286
87822087
3615067
47795250
15742266
75854827
17712466
11949974
34672612
84453331
98902305
31061320
96665085
93986844
8446279
65201102
61404418
28152823
82675971
36984975
30213238
60657867
93241957
7418919
92479254
76392028
29020228
17763841
53919565
54522089
34988257
59211581
57024342
50380297
81778939
31478186
41951694
73277265
63578523
77553683
95750588
34406272
28169026
3330385
693442
18249502
76149003
378575
95787254
52337314
16078702
14457077
47361441
66044351
78472244
25902439
69780453
99446126
88685349
57636416
17068988
23193427
38542016
96912940
72292479
50706680
66026586
69883781
8764575
38391681
3395074
57810641
29659688
54547024
64979962
89026698
35595221
78077628
70506577
93272924
16828294
33392836
68149501
55402325
29496311
58549343
93144852
1537528
37312790
9352303
35083794
65693401
77288304
10092623
9236498
75590284
48623421
55113294
2201463
82710225
36803321
74642858
66502579
24135417
86389048
11453819
94478779
25816452
85441526
13807823
38102354
43761537
76016130
56764513
85648071
39524686
95810391
80775826
13762536
92430103
81437767
79786436
12891507
71392513
72189384
76119488
70322400
15931343
8374392
96346
68852239
78566409
85129592
58735709
2967270
85351613
43546404
25304010
46528904
10406822
58844274
84179033
95746967
87978629
52921044
28780961
43543037
26325320
96959146
55900598
72718039
13129064
88807835
10627006
61255262
22587441
93657287
85921483
37653505
99126155
71477591
72189124
55279057
25431720
60103910
40432671
62508421
96652566
48796971
83694318
1012596
36460516
14477834
11252430
29894203
44595372
19049224
57626503
84801520
59570991
845144
35749526
91207683
17987280
35228855
59901164
69761013
1875736
17387547
89219657
66518746
61625803
27644171
48308696
83006635
84684970
38159713
42849159
76920629
20698368
56758005
16188837
2252860
65143216
13108267
46196723
67955247
87858341
91533965
80545031
99998473
72351676
73109409
10989870
7091639
33168804
57613998
50174003
81358607
13869521
43578693
54679542
87809128
50345475
93260757
87731466
59077350
15933395
82413625
52028029
46172907
49583103
41296789
50027874
89950513
96318409
92518530
33722078
40346342
86818437
94279519
6097380
62572432
94480371
82353847
88464190
95064532
61606090
28050999
99775140
37201097
93669881
17011706
75180307
9325532
57474294
32062051
44233978
29532570
49143887
74091758
65911067
66112804
21284433
86262838
25028737
35012649
34477538
38242136
70561315
72936897
83049921
65928934
43182744
48631202
4119449
70219426
40202073
52682597
71717824
33437496
32291038
7772839
56119197
14000168
16482786
62566750
71822685
75803373
61010946
57954768
96990251
42708366
92045945
99848602
23503045
67326550
96294579
94198878
8382915
52196822
96291283
40487820
16989564
91653793
54544778
81135628
73460413
26261114
21602333
16252765
74082160
94386919
73654181
90825200
12579440
75108187
70834711
10499283
57399575
61850892
17630281
44464008
69283069
24379528
34982559
68361838
98749655
82292628
36682978
11331284
50009552
69880489
38623325
45216581
15791494
64278990
69397664
68453455
55243866
45610609
10885809
762557
73781927
40009566
8114670
68122442
94442715
87063885
60618571
57927009
31548417
71559926
86335870
81235063
51902182
55398950
87193570
60927784
85038912
14608094
99613125
77718080
21013961
14738607
7120277
85985759
5839312
90105632
55787206
83631736
26966732
54988910
85606479
73701442
55996033
76675092
60262149
89132166
6621617
95736762
88684177
16538001
26729340
84307013
79505766
8472681
59824493
12083574
96578376
60478815
94907763
47319142
98720696
64289492
89197101
90352775
78336389
24916753
84607286
81104500
36098152
77204718
40295902
5064809
9563659
71487488
68103115
56133497
44638099
71885030
90107096
2004597
6981730
17451563
23175846
81502648
31125205
98064266
59658546
35611202
54059389
50579731
79844799
6519175
85236410
68774173
23356920
8839092
22245628
99410017
4918380
4074148
50201271
72677341
26218791
99576035
6483096
63047461
98780099
53382233
73340058
9510623
43274362
33044589
55803366
39834905
57908810
32979342
52363008
53422345
99220810
35673491
59404765
57619909
97627856
49500760
79835631
87703612
98121199
31267840
4096169
56616259
40260705
34729430
64842424
87504765
75077939
36258676
83253658
58258459
82992428
79564334
59014112
10502625
32490447
86781136
18914099
14670192
61587745
44538365
65570496
91102805
17204023
94061963
6814284
2342102
27128984
21033643
2666550
50494468
41424869
47838534
28586354
50925336
48200006
93904256
70861493
67987545
81886430
85847350
76979047
96997722
99347572
18693296
84996170
62035532
12716785
2344688
30460435
72025254
13242690
57324049
14576344
35770001
66638883
37944459
3648607
43183796
45033590
24936942
48245374
77060786
20583064
54162210
57357230
53343270
69642569
10247342
61889128
50020
52338819
53953907
74860803
46057197
2131149
23490118
65387937
18453166
97007236
58216915
73948573
21281001
34126495
67027451
26736881
87208992
67354376
58564907
64261238
56291429
67362672
24057516
86956163
63710194
30171105
88340786
50321205
20861501
21537410
97572815
62875058
36498443
81217850
24068200
27258631
42605894
90550694
75849932
15838956
42381691
91932703
11174920
58382154
2835053
26415856
12904401
39812971
52062759
15012005
31639529
43251290
5103492
16942283
19221936
91334806
2914972
21711975
64217168
40133680
58111199
90571194
62895253
89334638
11194112
11142054
27286914
11351430
56318410
52024688
92876211
92536573
92687145
318418
31147013
33285279
96149701
97234928
12799775
86126649
41470894
7708095
18719685
22870763
78500295
20492483
98019640
64872762
11978752
8126052
94440700
77791058
35951611
9271634
88338969
47225821
34253952
96135936
23458987
46442633
6381101
27337579
92890781
15063063
71735940
62314913
44000489
85462286
85863618
38559810
41501610
82188271
90080455
93164931
48716008
69787843
59908903
45720003
73430563
42249267
97235955
6736855
14774244
41623881
43253174
64538963
22602255
83553719
57830457
88318742
16750795
80469443
96651191
63268316
9452090
83900216
467286
14031455
27505287
96270747
7314953
38808574
51186463
21894573
28842259
20199507
50606246
69747083
19610348
68996206
52160924
14613122
3425948
76622971
17163218
25651374
60240774
31516356
79011249
39415160
50183886
12114345
12389569
1692089
46109711
51623992
19939125
38377763
18935469
70073189
67278174
21117028
83018109
63859837
6730212
24944160
77976202
98087059
82767196
73164033
7261105
53569742
1715267
15500544
64134723
10672072
38891514
22220286
40214853
48433599
11997150
41108452
79587642
69009161
50928027
95007199
95171200
13275455
66462226
56030568
42095966
96096517
9212631
13094429
84053682
28627668
79491480
69841422
87872869
16316113
50796386
86349810
29679997
38449403
23714142
85017076
76844885
12379313
25985952
30037125
79912053
50085201
97163280
80194856
84529924
63944097
57161915
64380419
45012691
76979611
9049873
65147982
38487759
92597272
43688782
92525513
17748194
99809748
21486987
35177969
42443187
32829916
55375384
35982720
88885141
50496894
43015747
50703044
10920862
25897564
96502566
61479210
2938252
7145462
37314723
41433278
63040209
74898380
27709062
99291557
96581369
49323549
96518539
24118060
17634834
55068926
7278681
65937827
35791507
93089522
27958028
52751926
23458770
44148381
79207969
30002318
54485500
72892504
35068377
44549930
75124405
75729305
35279434
83864235
37143395
20842643
52249396
48197983
85667410
63945252
50951718
92143979
14692885
52021782
89494851
56126888
16972366
28401048
64778789
13514643
64593794
73637913
77007918
2078720
32536810
53882927
51231863
74009110
53954016
23773092
70026679
1614647
45728561
65592142
69705291
42235659
63063495
47092930
56715579
82599870
79360281
59215137
40659340
84628180
20289292
41054543
8618802
4340142
63335883
73197634
166676
80385740
62653892
44663432
17980776
95310282
41022511
8610409
99091979
26561146
69966841
45623918
81204000
27951650
54102586
99149062
54250316
55378026
60523264
47560881
11996674
89709066
13358854
89258853
65825005
28422226
68939937
61063882
96880875
17095568
6215628
52265567
68937201
93128084
34669576
30012815
17355959
15085022
75565607
15724578
71552781
71122347
81465368
73277875
52838022
60333436
54145260
61215210
28743234
56452098
48564154
17948608
55638726
18634568
68929961
42819373
99117763
75000061
34385396
52461537
72161480
81413450
10591889
91159689
33909175
27326032
59791550
6986123
77604537
59377024
98972233
88770660
27164597
24728950
91681697
28681101
42362663
56283216
38340014
32529790
22214336
27683403
36529586
26926143
51322056
69034593
19661291
48974148
96606726
31930131
82545555
48996233
82712672
81128170
68981
3620973
3014097
11708879
73146496
15566019
60048819
90195239
74342885
66766690
13845974
93163586
21771002
4628246
35492614
8312171
70536474
80152693
3101280
2850606
99165362
47491745
26205611
60190467
34188557
95061997
57992220
82111164
75163190
78694664
40059047
81047753
28103829
75248893
65646362
52906743
90664863
53990389
7344942
49463767
55673377
56479220
36689897
11277555
8220508
83967801
97930862
85614190
37282483
76435417
26688520
7537040
34258056
71726895
23724697
24017636
90715188
72176698
49954252
73966556
65562522
23400695
86841699
27826636
137385
44883970
28348993
84777839
2388595
72683460
1389326
67679874
95610297
46506455
54473922
3399404
61338885
72477204
54471345
92396324
54683186
58694056
67170522
12563604
12235355
81827204
66454769
16032090
61816092
27688917
47854477
66811366
48971952
94955122
56645812
61969704
62383756
84419293
79173175
49761338
4667276
8498382
53772056
54471726
68955735
49468192
98064300
22065418
3554694